[gd_scene format=3 uid="uid://cvikuseir3b4w"]

[ext_resource type="PackedScene" uid="uid://caqj217q8yhw" path="res://Assets/gazebo/gazeboEdit.glb" id="1_5ukr8"]
[ext_resource type="Script" uid="uid://i3am6alxkje7" path="res://Scripts/MelodyManager.gd" id="1_7yui6"]
[ext_resource type="PackedScene" uid="uid://djvr0rstesys" path="res://Scenes/ground.tscn" id="2_c5t2i"]
[ext_resource type="Shader" uid="uid://dik4ajeh61bsn" path="res://Scripts/shader.gdshader" id="2_o06y3"]
[ext_resource type="PackedScene" uid="uid://bty0aodt8jxnf" path="res://Scenes/water_drop.tscn" id="3_k7acu"]
[ext_resource type="PackedScene" uid="uid://d0k2to4jffc82" path="res://Scenes/Player.tscn" id="4_5v1tr"]
[ext_resource type="PackedScene" uid="uid://rq8w5nybu10x" path="res://Scenes/recorder.tscn" id="5_0fj1v"]
[ext_resource type="Resource" uid="uid://djtr2gw5nnbi" path="res://Resources/half.tres" id="6_7yui6"]
[ext_resource type="PackedScene" uid="uid://43lvcrn7ckfj" path="res://Scenes/stump_spawner.tscn" id="7_o06y3"]
[ext_resource type="PackedScene" uid="uid://bocakxxqllx3i" path="res://Scenes/stump.tscn" id="9_5v1tr"]
[ext_resource type="PackedScene" uid="uid://bc8leqxdrhvfv" path="res://Scenes/mushroom_spawner.tscn" id="11_7yui6"]
[ext_resource type="PackedScene" uid="uid://bdtr842f3ujv2" path="res://Scenes/cloud.tscn" id="11_ikia7"]
[ext_resource type="PackedScene" uid="uid://wde1kf2aiecq" path="res://Scenes/flower_spawner.tscn" id="12_7yui6"]
[ext_resource type="PackedScene" uid="uid://bavh2uclv7soa" path="res://Scenes/stone_path.tscn" id="13_e0ngr"]

[sub_resource type="ProceduralSkyMaterial" id="ProceduralSkyMaterial_7yui6"]
sky_top_color = Color(0.49803922, 0.70980394, 0.96862745, 1)
sky_horizon_color = Color(0.9372549, 0.8392157, 0.76862746, 1)
ground_horizon_color = Color(0.66224277, 0.6717428, 0.6867428, 1)

[sub_resource type="Sky" id="Sky_21xkr"]
sky_material = SubResource("ProceduralSkyMaterial_7yui6")

[sub_resource type="Environment" id="Environment_c5t2i"]
background_mode = 2
sky = SubResource("Sky_21xkr")
glow_enabled = true

[sub_resource type="ShaderMaterial" id="ShaderMaterial_e0ngr"]
render_priority = 0
shader = ExtResource("2_o06y3")
shader_parameter/base_color = Color(0.5847179, 0.9676589, 0.5116678, 1)
shader_parameter/shadow_color = Color(0.37254903, 0.42352942, 0.5568628, 1)
shader_parameter/highlight_color = Color(0.5800856, 0.8192399, 0.53436303, 1)
shader_parameter/shadow_threshold = 0.7
shader_parameter/highlight_threshold = 0.85
shader_parameter/master_alpha = 0.9

[sub_resource type="BoxShape3D" id="BoxShape3D_kn0ld"]
size = Vector3(174.434, 20, 455.809)

[sub_resource type="BoxShape3D" id="BoxShape3D_hgpy0"]
size = Vector3(185.77002, 300, 10)

[node name="world" type="Node3D" unique_id=102234744]
script = ExtResource("1_7yui6")

[node name="Ground" parent="." unique_id=277460146 instance=ExtResource("2_c5t2i")]
transform = Transform3D(1, 1.4901161e-08, 4.4703484e-08, 0, 0.99999994, 0, 0, 0, 1, 0.01070786, -0.047199246, 0.01882267)

[node name="DirectionalLight3D" type="DirectionalLight3D" parent="." unique_id=77655674]
transform = Transform3D(-0.8660254, -0.43301278, 0.24999999, 0.47321618, -0.54837286, 0.68945897, -0.16145131, 0.715393, 0.6798134, 0, 0, 0)
shadow_enabled = true
directional_shadow_max_distance = 500.0

[node name="WorldEnvironment" type="WorldEnvironment" parent="." unique_id=2136369977]
environment = SubResource("Environment_c5t2i")

[node name="gazeboEdit" parent="." unique_id=1063273228 instance=ExtResource("1_5ukr8")]
transform = Transform3D(0.016, 0, 0, 0, 0.016, 0, 0, 0, 0.016, 0, 0, 0)

[node name="Gazebo" parent="gazeboEdit" index="0" unique_id=566013751]
surface_material_override/1 = SubResource("ShaderMaterial_e0ngr")

[node name="StaticBody3D" type="StaticBody3D" parent="gazeboEdit" unique_id=1316149644]
collision_layer = 3

[node name="CollisionShape3D" type="CollisionShape3D" parent="gazeboEdit/StaticBody3D" unique_id=1374932748]
transform = Transform3D(1, 0, 0, 0, 1, 0, 0, 0, 1, -0.10678171, 7.2244067, 3.5727024)
shape = SubResource("BoxShape3D_kn0ld")

[node name="CollisionShape3D9" type="CollisionShape3D" parent="gazeboEdit/StaticBody3D" unique_id=1354071151]
transform = Transform3D(0.6513817, 0, -0.7587502, 0, 1, 0, 0.7587502, 0, 0.6513817, -0.10678171, 7.2244067, 3.5727024)
shape = SubResource("BoxShape3D_kn0ld")

[node name="CollisionShape3D10" type="CollisionShape3D" parent="gazeboEdit/StaticBody3D" unique_id=1342528895]
transform = Transform3D(-0.036551498, 0, -0.99933165, 0, 1, 0, 0.99933165, 0, -0.036551498, -0.10678171, 7.2244067, 3.5727024)
shape = SubResource("BoxShape3D_kn0ld")

[node name="CollisionShape3D11" type="CollisionShape3D" parent="gazeboEdit/StaticBody3D" unique_id=1852256207]
transform = Transform3D(-0.74863917, 0, -0.66297746, 0, 1, 0, 0.66297746, 0, -0.74863917, -0.10678171, 7.2244067, 3.5727024)
shape = SubResource("BoxShape3D_kn0ld")

[node name="CollisionShape3D2" type="CollisionShape3D" parent="gazeboEdit/StaticBody3D" unique_id=600619595]
transform = Transform3D(1, 0, 0, 0, 1, 0, 0, 0, 1, -4.122315, 149.63878, -206.3815)
shape = SubResource("BoxShape3D_hgpy0")
debug_color = Color(0.98669523, 0, 0.3264042, 1)

[node name="CollisionShape3D5" type="CollisionShape3D" parent="gazeboEdit/StaticBody3D" unique_id=1865469606]
transform = Transform3D(-4.371138e-08, 0, 1, 0, 1, 0, -1, 0, -4.371138e-08, -209.49597, 149.63878, -1.5867202)
shape = SubResource("BoxShape3D_hgpy0")
debug_color = Color(0.98669523, 0, 0.3264042, 1)

[node name="CollisionShape3D6" type="CollisionShape3D" parent="gazeboEdit/StaticBody3D" unique_id=873975556]
transform = Transform3D(-4.3711378e-08, 0, 1, 0, 1, 0, -1, 0, -4.3711378e-08, 205.02252, 149.63878, -1.5867202)
shape = SubResource("BoxShape3D_hgpy0")
debug_color = Color(0.98669523, 0, 0.3264042, 1)

[node name="CollisionShape3D3" type="CollisionShape3D" parent="gazeboEdit/StaticBody3D" unique_id=1470615661]
transform = Transform3D(0.76604444, 0, -0.6427876, 0, 1, 0, 0.6427876, 0, 0.76604444, 141.3566, 149.63878, -151.93298)
shape = SubResource("BoxShape3D_hgpy0")
debug_color = Color(0.98669523, 0, 0.3264042, 1)

[node name="CollisionShape3D8" type="CollisionShape3D" parent="gazeboEdit/StaticBody3D" unique_id=1567903946]
transform = Transform3D(0.7071067, 0, -0.7071067, 0, 1, 0, 0.7071067, 0, 0.7071067, -153.49226, 149.63878, 144.12424)
shape = SubResource("BoxShape3D_hgpy0")
debug_color = Color(0.98669523, 0, 0.3264042, 1)

[node name="CollisionShape3D4" type="CollisionShape3D" parent="gazeboEdit/StaticBody3D" unique_id=2006902031]
transform = Transform3D(0.7660444, 0, 0.6427875, 0, 1, 0, -0.6427875, 0, 0.7660444, -158.52966, 149.63878, -142.58148)
shape = SubResource("BoxShape3D_hgpy0")
debug_color = Color(0.98669523, 0, 0.3264042, 1)

[node name="CollisionShape3D7" type="CollisionShape3D" parent="gazeboEdit/StaticBody3D" unique_id=1799195942]
transform = Transform3D(0.7660444, 0, 0.6427875, 0, 1, 0, -0.6427875, 0, 0.7660444, 150.06677, 149.63878, 153.84293)
shape = SubResource("BoxShape3D_hgpy0")
debug_color = Color(0.98669523, 0, 0.3264042, 1)

[node name="CharacterBody3D" parent="." unique_id=841984925 node_paths=PackedStringArray("recordAudio") instance=ExtResource("4_5v1tr")]
transform = Transform3D(1, 0, 0, 0, 1, 0, 0, 0, 1, 0, 0.17270482, 4.7769804)
recordAudio = NodePath("../Recorder")

[node name="Recorder" parent="." unique_id=1496842421 instance=ExtResource("5_0fj1v")]
transform = Transform3D(1, 0, 0, 0, 1, 0, 0, 0, 1, 0, 0.37064153, -1.2162962)
melody = ExtResource("6_7yui6")

[node name="StumpSpawner" parent="." unique_id=1271368526 instance=ExtResource("7_o06y3")]
transform = Transform3D(-4.371139e-08, 0, -1, 0, 1, 0, 1, 0, -4.371139e-08, -0.31344175, -1.1920929e-06, 9.683598)
melody = ExtResource("6_7yui6")
stump = ExtResource("9_5v1tr")

[node name="Cloud" parent="." unique_id=1548188862 instance=ExtResource("11_ikia7")]
transform = Transform3D(1, 0, 0, 0, 1, 0, 0, 0, 1, -16.467562, 4.5144415, 5.1047173)
radius = 5.0

[node name="MushroomSpawner" parent="." unique_id=1553713561 instance=ExtResource("11_7yui6")]
transform = Transform3D(1, 0, 0, 0, 1, 0, 0, 0, 1, -1.5012667, 0.22775781, 10.225347)

[node name="FlowerSpawner" parent="." unique_id=1922605449 instance=ExtResource("12_7yui6")]
transform = Transform3D(1, 0, 0, 0, 1, 0, 0, 0, 1, 14.092112, 0.022855759, -5.4505777)
melody = ExtResource("6_7yui6")

[node name="StonePath" parent="." unique_id=647323037 instance=ExtResource("13_e0ngr")]
transform = Transform3D(0.60035336, 0.7997349, -1.2584708e-08, 0, -4.371139e-08, -0.36, -0.7997349, 0.60035336, -9.447221e-09, -0.20207632, 0.0556075, 6.1647935)

[node name="StonePath2" parent="." unique_id=735900999 instance=ExtResource("13_e0ngr")]
transform = Transform3D(-0.9774422, 0.21120265, -9.23197e-09, -4.0437277e-15, -4.371139e-08, -1, -0.21120265, -0.9774422, 4.272536e-08, 2.4243212, -0.052901443, 7.995738)

[node name="StonePath3" parent="." unique_id=1608781650 instance=ExtResource("13_e0ngr")]
transform = Transform3D(0.408769, -0.9126378, 3.989267e-08, 0, -4.371139e-08, -1, 0.9126378, 0.408769, -1.7867862e-08, -2.308013, -0.054671463, 7.338916)

[node name="WaterDrop" parent="." unique_id=1689167999 instance=ExtResource("3_k7acu")]
transform = Transform3D(1, 0, 0, 0, 1, 0, 0, 0, 1, -2.5016885, 0, 9.637103)

[editable path="gazeboEdit"]
